[[[20935  7373]
  [12891  3336]]

 [[19642 15334]
  [ 7458  2101]]

 [[18244  7542]
  [ 9900  8849]]]
---------------END MODEL--------------
[[[21515  8177]
  [11729  3160]]

 [[19461 14338]
  [ 8350  2432]]

 [[17807  7864]
  [10300  8610]]]
---------------END MODEL--------------
[[[20630  6899]
  [12123  2681]]

 [[18992 13855]
  [ 7568  1918]]

 [[16443  7847]
  [ 8910  9133]]]
---------------END MODEL--------------
[[[19626  7153]
  [13187  3310]]

 [[19629 15074]
  [ 6720  1853]]

 [[18032  7038]
  [ 9358  8848]]]
---------------END MODEL--------------
[[[20478  7893]
  [12035  3290]]

 [[19101 14407]
  [ 7835  2353]]

 [[18060  7453]
  [ 9883  8300]]]
---------------END MODEL--------------
Model	Q3    	sov     	H acc 	E acc 	- acc 	H sen 	E sen 	- sen 	H ppv 	E ppv 	- ppv 	H mcc  	E mcc  	- mcc 
0    	1.3208	200.3761	0.545 	0.4882	0.6084	0.6189	0.7248	0.6482	0.7395	0.5616	0.7075	-0.0012	-0.0045	0.0027
1    	1.3186	212.9207	0.5535	0.4911	0.5926	0.6472	0.6998	0.6335	0.7246	0.5758	0.6937	-0.0014	-0.004 	0.0022
2    	1.3244	185.4369	0.5507	0.4939	0.6042	0.6299	0.7151	0.6486	0.7494	0.5782	0.6769	-0.0017	-0.0048	0.0028
3    	1.3238	199.3224	0.53  	0.4964	0.6211	0.5981	0.745 	0.6583	0.7329	0.5656	0.7193	-0.0015	-0.0047	0.0031
4    	1.3191	197.0736	0.5439	0.491 	0.6033	0.6298	0.7091	0.6463	0.7218	0.57  	0.7079	-0.0014	-0.0041	0.0025
mean 	1.3213	199.0259	0.5446	0.4921	0.6059	0.6248	0.7187	0.647 	0.7336	0.5702	0.7011	-0.0014	-0.0044	0.0027
error	0.0011	3.9164  	0.0036	0.0013	0.0041	0.0072	0.0069	0.0035	0.0045	0.0028	0.0065	0.0001 	0.0001 	0.0001
